449.7 0.0639606	0.014226
451.1 0.0619475	0.015039
452.6 0.0616598	0.015446
454.0 0.0579841	0.015327
455.5 0.0564456	0.015267
456.9 0.0643567	0.015453
458.4 0.0622289	0.015698
459.8 0.0578593	0.016190
461.2 0.0526869	0.016158
462.7 0.0588482	0.016094
464.1 0.0542166	0.016062
465.6 0.0626739	0.016549
467.0 0.0590699	0.016792
468.5 0.0551446	0.017171
469.9 0.0613013	0.017307
471.4 0.0597432	0.017577
472.8 0.056874	0.017798
474.3 0.0577996	0.018238
475.7 0.057007	0.018459
477.1 0.0593034	0.018561
478.6 0.0613386	0.018612
480.0 0.0621285	0.019283
481.5 0.0605473	0.019902
482.9 0.0544672	0.021141
484.4 0.0567251	0.021460
485.8 0.0601102	0.022099
487.3 0.0588658	0.022418
488.7 0.060762	0.024344
490.1 0.0532813	0.025307
491.6 0.0595406	0.027137
493.0 0.0580521	0.028002
494.5 0.055488	0.029734
495.9 0.0570865	0.031833
497.4 0.0572829	0.036031
498.8 0.0553276	0.038130
500.3 0.0610509	0.045745
501.7 0.0569749	0.049552
503.2 0.0539614	0.057024
504.6 0.0569264	0.060689
506.0 0.0601484	0.068019
507.5 0.0575843	0.073032
508.9 0.060926	0.083057
510.4 0.05741	0.088069
511.8 0.0613253	0.099984
513.3 0.0625865	0.105942
514.7 0.0588295	0.117655
516.2 0.0676726	0.123410
517.6 0.0640633	0.134921
519.0 0.062246	0.138259
520.5 0.0673061	0.144935
521.9 0.0704078	0.148272
523.4 0.0705054	0.152553
524.8 0.0761525	0.154693
526.3 0.0755578	0.157615
527.7 0.0746427	0.158396
529.2 0.0787042	0.159960
530.6 0.078889	0.161561
532.0 0.0817303	0.164765
533.5 0.0805088	0.166366
534.9 0.0819504	0.168921
536.4 0.08685	0.170198
537.8 0.0831204	0.172679
539.3 0.0871042	0.173884
540.7 0.0896222	0.176293
542.2 0.0872365	0.177555
543.6 0.0902	0.180079
545.1 0.0926019	0.181341
546.5 0.0912957	0.181422
547.9 0.0911483	0.181462
549.4 0.0942995	0.180334
550.8 0.0928213	0.179165
552.3 0.0943065	0.176828
553.7 0.0908725	0.174736
555.2 0.094013	0.170551
556.6 0.093176	0.168459
558.1 0.0991164	0.163115
559.5 0.0956254	0.160443
560.9 0.0955133	0.155100
562.4 0.0976141	0.152429
563.8 0.097768	0.147087
565.3 0.0927526	0.144691
566.7 0.0925088	0.139897
568.2 0.090301	0.137500
569.6 0.0905739	0.134768
571.1 0.0912358	0.133402
572.5 0.0901461	0.129806
574.0 0.0900024	0.127577
575.4 0.0853438	0.123118
576.8 0.0868417	0.121606
578.3 0.0841909	0.118581
579.7 0.0859343	0.117069
581.2 0.0829254	0.116186
582.6 0.0787868	0.115744
584.1 0.0814216	0.114680
585.5 0.0825214	0.114058
587.0 0.0830084	0.112814
588.4 0.0852752	0.111586
589.8 0.0853425	0.109131
591.3 0.0817781	0.107904
592.7 0.0791768	0.105083
594.2 0.0788152	0.103672
595.6 0.0783592	0.100780
597.1 0.0778051	0.099300
598.5 0.0698008	0.096339
600.0 0.0739711	0.094118
601.4 0.0740521	0.089677
602.8 0.0733035	0.087456
604.3 0.0730843	0.084596
605.7 0.0800318	0.083166
607.2 0.0765818	0.081330
608.6 0.0786892	0.080923
610.1 0.0784552	0.080110
611.5 0.0737942	0.079476
613.0 0.0724549	0.078208
614.4 0.0742734	0.077573
615.9 0.0719552	0.077466
617.3 0.0756964	0.077413
618.7 0.0682384	0.077244
620.2 0.0711679	0.077128
621.6 0.0692586	0.076898
623.1 0.0666503	0.075523
624.5 0.0700906	0.072773
626.0 0.0704483	0.071399
627.4 0.0682886	0.067815
628.9 0.0677153	0.066023
630.3 0.0692349	0.062380
631.7 0.0680677	0.060528
633.2 0.0686765	0.056826
634.6 0.0697175	0.054874
636.1 0.0692492	0.050969
637.5 0.0661634	0.049017
639.0 0.0708962	0.045686
640.4 0.0681087	0.044020
641.9 0.0706145	0.040312
643.3 0.0686617	0.038270
644.8 0.0693216	0.034186
646.2 0.0719503	0.031693
647.6 0.0721359	0.026709
649.1 0.0645101	0.024217
650.5 0.0706408	0.022372
652.0 0.0663886	0.021449
653.4 0.0708549	0.020023
654.9 0.0691804	0.019518
656.3 0.0642503	0.018510
657.8 0.0650001	0.017915
659.2 0.0682949	0.016724
660.6 0.0732135	0.016129
662.1 0.0698448	0.015921
663.5 0.0667944	0.015817
665.0 0.0654339	0.016552
666.4 0.065592	0.017391
667.9 0.0656261	0.0123949
669.3 0.0621684	0.0135506
670.8 0.0652229	0.0158619
672.2 0.0643466	0.0170176
673.6 0.0607262	0.0227806
675.1 0.0607531	0.025662
676.5 0.0581151	0.0338429
678.0 0.0637821	0.0391423
679.4 0.0631647	0.0497413
680.9 0.064633	0.0583843
682.3 0.0650499	0.0756704
683.8 0.0625287	0.0843134
685.2 0.0649558	0.101995
686.7 0.0636041	0.110837
688.1 0.0678333	0.128344
689.5 0.0657608	0.13701
691.0 0.0714738	0.154343
692.4 0.0775612	0.162027
693.9 0.078504	0.177397
695.3 0.0743545	0.185081
696.8 0.0783119	0.199156
698.2 0.0788784	0.206194
699.7 0.0833177	0.220912
701.1 0.0886888	0.228593
702.5 0.0877934	0.243955
704.0 0.0917799	0.25043
705.4 0.107449	0.263379
706.9 0.117874	0.269854
708.3 0.124516	0.28301
709.8 0.129189	0.289589
711.2 0.129208	0.301569
712.7 0.137557	0.30697
714.1 0.145366	0.317775
715.5 0.152748	0.322594
717.0 0.155262	0.332233
718.4 0.170699	0.337052
719.9 0.176107	0.344528
721.3 0.191602	0.348266
722.8 0.195246	0.354677
724.2 0.20962	0.35735
725.7 0.221349	0.362696
727.1 0.224468	0.365782
728.6 0.236426	0.371953
730.0 0.248027	0.375039
731.4 0.257879	0.376583
732.9 0.271781	0.377355
734.3 0.28013	0.378661
735.8 0.294029	0.379195
737.2 0.299934	0.380263
738.7 0.311882	0.381338
740.1 0.323766	0.383488
741.6 0.331087	0.384563
743.0 0.345124	0.387232
744.4 0.352924	0.388567
745.9 0.361329	0.389933
747.3 0.368078	0.389964
748.8 0.373001	0.390025
750.2 0.380734	0.39005
751.7 0.38857	0.390099
753.1 0.396853	0.390124
754.6 0.398114	0.390161
756.0 0.405539	0.39018
757.5 0.410752	0.390252
758.9 0.409805	0.390305
760.3 0.416259	0.390413
761.8 0.418141	0.390419
763.2 0.423279	0.390432
764.7 0.43001	0.390437
766.1 0.44214	0.39045
767.6 0.459832	0.390456
769.0 0.441457	0.390462
770.5 0.436709	0.390462
771.9 0.430394	0.390462
773.3 0.431879	0.390456
774.8 0.43138	0.390444
776.2 0.430154	0.390437
777.7 0.431431	0.390495
779.1 0.431395	0.390525
780.6 0.432063	0.390547
782.0 0.434334	0.390541
783.5 0.438336	0.390528
784.9 0.437371	0.390516
786.3 0.436603	0.390491
787.8 0.435717	0.390479
789.2 0.441202	0.39049
790.7 0.433902	0.390495
792.1 0.435701	0.390506
793.6 0.439457	0.390512
795.0 0.43893	0.390523
796.5 0.439406	0.390528
797.9 0.434481	0.390538
799.4 0.435657	0.390544
800.8 0.450095	0.390554
802.2 0.439087	0.39056
803.7 0.445048	0.390571
805.1 0.434582	0.390578
806.6 0.437663	0.390592
808.0 0.448462	0.390598
809.5 0.450087	0.390612
810.9 0.450236	0.390619
812.4 0.446381	0.390632
813.8 0.443186	0.390639
815.2 0.440574	0.390653
816.7 0.448381	0.39066
818.1 0.447626	0.390673
819.6 0.445669	0.39068
821.0 0.448868	0.390697
822.5 0.452944	0.390707
823.9 0.456182	0.390726
825.4 0.450429	0.390736
826.8 0.451116	0.390755
828.3 0.453923	0.390765
829.7 0.462263	0.390785
831.1 0.449043	0.390794
832.6 0.442736	0.390814
834.0 0.460251	0.390824
835.5 0.448107	0.390843
836.9 0.454837	0.390853
838.4 0.457903	0.390875
839.8 0.453314	0.390886
841.3 0.445171	0.390909
842.7 0.44691	0.39092
844.1 0.460141	0.390943
845.6 0.455095	0.390954
847.0 0.454967	0.390976
848.5 0.451117	0.390987
849.9 0.446225	0.391009
851.4 0.458669	0.391021
852.8 0.467909	0.391043
854.3 0.452573	0.391057
855.7 0.454958	0.391086
857.1 0.4544	0.391099
858.6 0.449221	0.391128
860.0 0.460836	0.391141
861.5 0.444613	0.39117
862.9 0.454828	0.391184
864.4 0.456562	0.391212
865.8 0.452072	0.391227
867.3 0.454	0.391255
868.7 0.460218	0.391269
870.2 0.458565	0.391298
871.6 0.450777	0.391314
873.0 0.463824	0.391345
874.5 0.461348	0.39136
875.9 0.471326	0.391392
877.4 0.461045	0.391407
878.8 0.459216	0.391438
880.3 0.457936	0.391454
881.7 0.472668	0.391485
883.2 0.45922	0.3915
884.6 0.456748	0.391531
886.0 0.465449	0.391547
887.5 0.470421	0.391578
888.9 0.464894	0.391594
890.4 0.476668	0.391625
891.8 0.478711	0.391641
893.3 0.46772	0.391672
894.7 0.481527	0.391687
896.2 0.490019	0.391718
897.6 0.460166	0.391734
899.0 0.477316	0.391765
900.5 0.485921	0.39178
901.9 0.476612	0.391812
