331.2 1.00302
332.7 0.325899
334.1 0.280655
335.5 0.277975
337.0 0.260724
338.4 0.253981
339.9 0.217557
341.3 0.299404
342.8 0.274842
344.2 0.20547
345.7 0.266872
347.1 0.204673
348.5 0.289875
350.0 0.243296
351.4 0.214878
352.9 0.148647
354.3 0.239798
355.8 0.220843
357.2 0.185433
358.7 0.211966
360.1 0.210049
361.6 0.226524
363.0 0.221625
364.4 0.239844
365.9 0.181919
367.3 0.179908
368.8 0.241191
370.2 0.212404
371.7 0.184264
373.1 0.17965
374.6 0.164922
376.0 0.190773
377.4 0.188266
378.9 0.191016
380.3 0.191698
381.8 0.181174
383.2 0.181285
384.7 0.165622
386.1 0.206121
387.6 0.172843
389.0 0.196986
390.5 0.18261
391.9 0.14624
393.3 0.1722
394.8 0.145295
396.2 0.154709
397.7 0.170167
399.1 0.162392
400.6 0.142593
402.0 0.143519
403.5 0.139316
404.9 0.116365
406.3 0.119095
407.8 0.130324
409.2 0.136713
410.7 0.125785
412.1 0.118464
413.6 0.112171
415.0 0.119222
416.5 0.13148
417.9 0.106803
419.3 0.119017
420.8 0.10629
422.2 0.131213
423.7 0.130091
425.1 0.113515
426.6 0.128721
428.0 0.118279
429.5 0.109098
430.9 0.117572
432.4 0.125304
433.8 0.132229
435.2 0.117752
436.7 0.12758
438.1 0.1194
439.6 0.13129
441.0 0.129484
442.5 0.126608
443.9 0.125724
445.4 0.130262
446.8 0.130571
448.2 0.129758
449.7 0.128559
451.1 0.129066
452.6 0.130156
454.0 0.133242
455.5 0.129414
456.9 0.131705
458.4 0.132509
459.8 0.132555
461.2 0.134962
462.7 0.126992
464.1 0.13237
465.6 0.134363
467.0 0.130849
468.5 0.138211
469.9 0.12852
471.4 0.131413
472.8 0.141498
474.3 0.137158
475.7 0.146693
477.1 0.15028
478.6 0.145766
480.0 0.141486
481.5 0.146918
482.9 0.146137
484.4 0.144002
485.8 0.140521
487.3 0.151851
488.7 0.147582
490.1 0.155477
491.6 0.145325
493.0 0.147463
494.5 0.152534
495.9 0.147907
497.4 0.142957
498.8 0.151698
500.3 0.15864
501.7 0.152181
503.2 0.157275
504.6 0.154378
506.0 0.159749
507.5 0.1523
508.9 0.152931
510.4 0.168226
511.8 0.159922
513.3 0.167117
514.7 0.171777
516.2 0.157992
517.6 0.162755
519.0 0.168876
520.5 0.172181
521.9 0.173825
523.4 0.175068
524.8 0.173886
526.3 0.172732
527.7 0.176736
529.2 0.182343
530.6 0.182992
532.0 0.180395
533.5 0.180173
534.9 0.193317
536.4 0.191134
537.8 0.193009
539.3 0.184653
540.7 0.196063
542.2 0.195863
543.6 0.196818
545.1 0.206654
546.5 0.196029
547.9 0.201091
549.4 0.203342
550.8 0.203935
552.3 0.201652
553.7 0.211847
555.2 0.206332
556.6 0.208347
558.1 0.218507
559.5 0.216031
560.9 0.215513
562.4 0.213305
563.8 0.214887
565.3 0.210928
566.7 0.225942
568.2 0.231192
569.6 0.221387
571.1 0.215336
572.5 0.224435
574.0 0.223523
575.4 0.219893
576.8 0.236631
578.3 0.231904
579.7 0.227391
581.2 0.23706
582.6 0.234879
584.1 0.240122
585.5 0.234859
587.0 0.245401
588.4 0.239747
589.8 0.236683
591.3 0.245453
592.7 0.236001
594.2 0.245511
595.6 0.245468
597.1 0.233402
598.5 0.248185
600.0 0.239721
601.4 0.249424
602.8 0.247025
604.3 0.247703
605.7 0.24939
607.2 0.252978
608.6 0.246957
610.1 0.253612
611.5 0.246912
613.0 0.250953
614.4 0.245013
615.9 0.254669
617.3 0.267952
618.7 0.25043
620.2 0.244243
621.6 0.251824
623.1 0.247261
624.5 0.247977
626.0 0.258275
627.4 0.259024
628.9 0.25458
630.3 0.248179
631.7 0.274124
633.2 0.261914
634.6 0.261189
636.1 0.255052
637.5 0.263244
639.0 0.250776
640.4 0.257243
641.9 0.254383
643.3 0.255566
644.8 0.26038
646.2 0.263606
647.6 0.253425
649.1 0.259323
650.5 0.254937
652.0 0.270479
653.4 0.25882
654.9 0.260622
656.3 0.262054
657.8 0.264687
659.2 0.267491
660.6 0.262841
662.1 0.267986
663.5 0.268271
665.0 0.269979
666.4 0.269453
667.9 0.266841
669.3 0.26542
670.8 0.271206
672.2 0.2622
673.6 0.268502
675.1 0.268123
676.5 0.268999
678.0 0.271605
679.4 0.283513
680.9 0.276559
682.3 0.276484
683.8 0.284123
685.2 0.276073
686.7 0.28621
688.1 0.288475
689.5 0.285649
691.0 0.275003
692.4 0.280328
693.9 0.294144
695.3 0.283097
696.8 0.29374
698.2 0.296249
699.7 0.287691
701.1 0.301332
702.5 0.297938
704.0 0.307711
705.4 0.30637
706.9 0.319454
708.3 0.307012
709.8 0.330998
711.2 0.334148
712.7 0.334996
714.1 0.33525
715.5 0.336596
717.0 0.340847
718.4 0.343639
719.9 0.346389
721.3 0.353543
722.8 0.342118
724.2 0.347593
725.7 0.356761
727.1 0.35984
728.6 0.360605
730.0 0.368407
731.4 0.372737
732.9 0.372964
734.3 0.385112
735.8 0.38422
737.2 0.398023
738.7 0.390801
740.1 0.393957
741.6 0.400447
743.0 0.412277
744.4 0.404721
745.9 0.421572
747.3 0.41198
748.8 0.413211
750.2 0.41527
751.7 0.425168
753.1 0.418754
754.6 0.440775
756.0 0.43884
757.5 0.434076
758.9 0.422417
760.3 0.440851
761.8 0.42886
763.2 0.424057
764.7 0.418675
766.1 0.444352
767.6 0.443174
769.0 0.437535
770.5 0.433022
771.9 0.437498
773.3 0.447174
774.8 0.468274
776.2 0.470425
777.7 0.446106
779.1 0.449209
780.6 0.456895
782.0 0.456353
783.5 0.449845
784.9 0.457676
786.3 0.470407
787.8 0.459343
789.2 0.470009
790.7 0.480127
792.1 0.481562
793.6 0.463859
795.0 0.463187
796.5 0.459986
797.9 0.452146
799.4 0.463582
800.8 0.436417
802.2 0.466621
803.7 0.441369
805.1 0.470486
806.6 0.455855
808.0 0.46862
809.5 0.480731
810.9 0.479956
812.4 0.472527
813.8 0.476735
815.2 0.489941
816.7 0.486864
818.1 0.490955
819.6 0.472903
821.0 0.47933
822.5 0.483004
823.9 0.487647
825.4 0.507983
826.8 0.488885
828.3 0.500027
829.7 0.491657
831.1 0.511279
832.6 0.519903
834.0 0.50105
835.5 0.487587
836.9 0.515863
838.4 0.494726
839.8 0.504225
841.3 0.500142
842.7 0.506047
844.1 0.490775
845.6 0.509683
847.0 0.528122
848.5 0.514887
849.9 0.524244
851.4 0.529991
852.8 0.531668
854.3 0.53151
855.7 0.521153
857.1 0.510589
858.6 0.563157
860.0 0.525626
861.5 0.54137
862.9 0.525463
864.4 0.552743
865.8 0.535653
867.3 0.54802
868.7 0.492384
870.2 0.535439
871.6 0.535435
873.0 0.570137
874.5 0.552408
875.9 0.567897
877.4 0.527894
878.8 0.538739
880.3 0.531917
881.7 0.527675
883.2 0.583995
884.6 0.587547
886.0 0.53902
887.5 0.544521
888.9 0.546673
890.4 0.51975
891.8 0.572159
893.3 0.55833
894.7 0.627581
896.2 0.580913
897.6 0.572099
899.0 0.611452
900.5 0.59656
901.9 0.563706
903.4 0.550343
904.8 0.621751
906.3 0.592226
907.7 0.565671
909.2 0.660798
910.6 0.648051
912.1 0.576255
913.5 0.537213
914.9 0.671489
916.4 0.594471
917.8 0.637429
919.3 0.599135
920.7 0.550835
922.2 0.597555
923.6 0.611094
925.1 0.566181
926.5 0.643145
927.9 0.555688
929.4 0.677539
930.8 0.637455
932.3 0.584995
933.7 0.670098
935.2 0.661174
936.6 0.663984
938.1 0.655917
939.5 0.735656
941.0 0.654198
942.4 0.896243
943.8 0.764807
945.3 0.727749
946.7 0.795425
948.2 0.684465
949.6 0.717451
951.1 0.677286
952.5 0.713643
954.0 0.728847
955.4 0.868416
956.8 0.808163
958.3 0.733058
959.7 0.750913
961.2 0.667169
962.6 0.722399
964.1 0.628792
965.5 0.775244
967.0 0.767771
968.4 0.63758
969.8 0.716401
971.3 0.707981
972.7 0.806459
974.2 0.742106
975.6 0.607288
977.1 0.677409
978.5 0.743516
980.0 0.736923
981.4 0.813015
982.9 0.698641
984.3 0.820074
985.7 0.671385
987.2 0.658598
988.6 0.805565
990.1 0.766058
991.5 0.918869
993.0 0.709354
994.4 0.772598
995.9 0.739046
997.3 0.90692
998.7 0.615285
1000.2 0.769614
1001.6 0.766276
1003.1 0.820058
1004.5 0.666844
1006.0 0.688804
1007.4 0.821149
1008.9 0.885382
1010.3 0.845172
1011.8 0.89388
1013.2 0.767217
1014.6 0.896654
1016.1 0.866144
1017.5 0.848496
1019.0 0.795649
1020.4 0.801226
1021.9 0.841735
1023.3 0.726228
1024.8 0.787161
1026.2 0.801205
1027.6 0.723821
1029.1 0.771334
1030.5 0.716189
1032.0 0.77765
1033.4 0.853654
1034.9 0.62614
1036.3 0.730336
1037.8 0.789429
1039.2 0.743252
1040.6 0.750278
1042.1 0.671856
1043.5 0.811309
1045.0 0.753788
1046.4 0.698422
1047.9 0.900871
1049.3 0.85725
1050.8 0.89215
1052.2 0.895801
1053.7 0.89604
1055.1 0.704128
1056.5 0.765986
1058.0 0.676444
1059.4 0.844653
1060.9 0.81872
1062.3 0.790093
1063.8 0.74808
1065.2 0.971656
1066.7 0.82426
1068.1 0.785572
1069.5 1.01239
